-150 1.83691e-014
-149.928 -4.63844
-149.713 -9.27243
-149.355 -13.8976
-148.854 -18.5094
-148.21 -23.1035
-147.425 -27.6756
-146.498 -32.2211
-145.432 -36.7359
-144.226 -41.2155
-142.883 -45.6557
-141.403 -50.0522
-139.788 -54.4009
-138.038 -58.6975
-136.157 -62.938
-134.146 -67.1183
-132.006 -71.2343
-129.74 -75.2823
-127.35 -79.2582
-124.839 -83.1584
-122.207 -86.979
-119.459 -90.7164
-116.597 -94.367
-113.623 -97.9274
-110.541 -101.394
-107.352 -104.764
-104.061 -108.033
-100.671 -111.2
-97.1842 -114.26
-93.6044 -117.21
-89.9352 -120.049
-86.1799 -122.772
-82.3423 -125.378
-78.4258 -127.865
-74.4344 -130.229
-70.3717 -132.468
-66.2418 -134.581
-62.0484 -136.565
-57.7958 -138.418
-53.4879 -140.139
-49.1288 -141.726
-44.7227 -143.178
-40.2738 -144.492
-35.7864 -145.669
-31.2648 -146.706
-26.7133 -147.602
-22.1362 -148.358
-17.538 -148.971
-12.923 -149.442
-8.29563 -149.77
-3.66032 -149.955
0.978482 -149.997
5.61635 -149.895
10.2488 -149.649
14.8715 -149.261
19.48 -148.73
24.0699 -148.056
28.6367 -147.241
33.1761 -146.285
37.6838 -145.189
42.1554 -143.955
46.5868 -142.582
50.9736 -141.073
55.3116 -139.43
59.5967 -137.653
63.8248 -135.744
67.9919 -133.705
72.0939 -131.539
76.127 -129.247
80.0873 -126.831
83.971 -124.294
87.7743 -121.637
91.4937 -118.865
95.1256 -115.979
98.6665 -112.982
102.113 -109.877
105.462 -106.667
108.71 -103.354
111.854 -99.9434
114.891 -96.4368
117.818 -92.8379
120.633 -89.1502
123.332 -85.3772
125.913 -81.5226
128.374 -77.5901
130.712 -73.5833
132.924 -69.5061
135.01 -65.3624
136.967 -61.1563
138.792 -56.8916
140.485 -52.5726
142.044 -48.2032
143.466 -43.7877
144.752 -39.3304
145.899 -34.8354
146.906 -30.3072
147.773 -25.7499
148.499 -21.168
149.082 -16.5659
149.523 -11.9479
149.821 -7.31847
-150 1.83691e-014

