150 0
149.713 9.27243
148.854 18.5094
147.425 27.6756
145.432 36.7359
142.883 45.6557
139.788 54.4009
136.157 62.938
132.006 71.2343
127.35 79.2582
122.207 86.979
116.597 94.367
110.541 101.394
104.061 108.033
97.1842 114.26
89.9352 120.049
82.3423 125.378
74.4344 130.229
66.2418 134.581
57.7958 138.418
49.1288 141.726
40.2738 144.492
31.2648 146.706
22.1362 148.358
12.923 149.442
3.66032 149.955
-5.61635 149.895
-14.8715 149.261
-24.0699 148.056
-33.1761 146.285
-42.1554 143.955
-50.9736 141.073
-59.5967 137.653
-67.9919 133.705
-76.127 129.247
-83.971 124.294
-91.4937 118.865
-98.6665 112.982
-105.462 106.667
-111.854 99.9434
-117.818 92.8379
-123.332 85.3772
-128.374 77.5901
-132.924 69.5061
-136.967 61.1563
-140.485 52.5726
-143.466 43.7877
-145.899 34.8354
-147.773 25.7499
-149.082 16.5659
-149.821 7.31847
-149.987 -1.95692
-149.579 -11.2248
-148.599 -20.4498
-147.051 -29.5965
-144.94 -38.6301
-142.275 -47.5159
-139.066 -56.2199
-135.325 -64.7089
-131.066 -72.9504
-126.306 -80.9129
-121.062 -88.5659
-115.356 -95.8802
-109.208 -102.828
-102.643 -109.382
-95.6852 -115.518
-88.3614 -121.212
-80.6995 -126.442
-72.729 -131.189
-64.4804 -135.434
-55.985 -139.161
-47.2756 -142.355
-38.3853 -145.005
-29.3482 -147.101
-20.1989 -148.634
-10.9722 -149.598
-1.70367 -149.99
7.57142 -149.809
16.8176 -149.054
25.9994 -147.73
35.0817 -145.84
44.0299 -143.392
52.8097 -140.396
61.3875 -136.863
69.7304 -132.807
77.8067 -128.242
85.5854 -123.187
93.0367 -117.661
100.132 -111.685
106.845 -105.282
113.148 -98.4756
119.019 -91.2929
124.435 -83.761
129.375 -75.9087
133.82 -67.766
137.753 -59.3642
141.159 -50.7353
144.026 -41.9123
146.341 -32.9291
148.097 -23.8198
149.286 -14.6195
150 0

